 0.903  1.086  +1
-0.342 -1.219  -1
-1.576  0.337  +1
 0.335 -0.839  -1
-0.995 -1.340  +1
-4.531 -1.275  -1
-0.985 -0.860  +1
 0.244 -1.011  -1
 0.260  1.818  +1
-1.697 -1.618  -1
-0.362  1.680  +1
-2.369 -0.471  -1
 1.041  0.649  +1
-0.239 -1.364  -1
-0.748  0.855  +1
-1.774 -1.182  -1
-0.650  2.693  +1
-3.726 -1.730  -1
 1.767 -0.867  +1
-2.501  0.516  -1
-0.111  0.498  +1
 2.794 -1.602  -1
-0.600 -1.109  +1
-1.158 -0.338  -1
 1.644  0.952  +1
-0.901 -0.149  -1
-0.567  1.343  +1
-0.441 -1.329  -1
 0.475 -0.706  +1
-2.009 -1.850  -1
-0.127  0.487  +1
-1.662 -1.161  -1
-1.154  0.124  +1
 0.535 -1.037  -1
 0.576  0.936  +1
-0.953 -1.251  -1
 0.145  0.853  +1
 2.185 -1.029  -1
-0.118  2.020  +1
-2.924 -1.573  -1
 1.453  2.348  +1
 0.495 -0.324  -1
 0.608  3.009  +1
 1.237 -1.220  -1
-0.687  0.711  +1
-0.161 -0.553  -1
-0.601  1.954  +1
 2.491 -0.615  -1
-1.504  0.507  +1
 1.276 -0.015  -1
 1.397  2.740  +1
 0.085  0.001  -1
 0.328  0.745  +1
 1.109 -0.804  -1
 0.095  1.381  +1
 0.245 -2.187  -1
 0.168  2.449  +1
 2.634 -1.450  -1
-1.180  2.250  +1
-0.682 -1.047  -1
-0.095  0.875  +1
 3.782 -0.950  -1
 0.121  1.637  +1
-3.246 -1.879  -1
 0.146  0.688  +1
 4.716 -1.268  -1
-2.141  0.046  +1
 0.362 -0.154  -1
 0.202  1.940  +1
 0.642 -1.630  -1
 0.926 -0.425  +1
 0.592 -1.145  -1
-0.446  1.498  +1
 2.101 -1.687  -1
-1.652  2.938  +1
 0.673 -1.187  -1
 0.094  0.352  +1
-2.329 -1.646  -1
 0.122 -0.996  +1
 2.045  0.258  -1
 0.561  0.575  +1
-0.506  0.237  -1
-1.530  2.058  +1
-0.827 -0.765  -1
 0.181  1.413  +1
-1.262 -1.744  -1
-0.216  2.161  +1
-0.291 -0.606  -1
-0.165  3.086  +1
-1.870 -1.994  -1
 0.088  1.041  +1
 0.992 -1.267  -1
 0.909  0.244  +1
-0.883 -1.275  -1
 1.217  0.106  +1
 1.740  0.813  -1
 0.088  1.608  +1
 0.899 -0.372  -1
 0.100  1.465  +1
-2.714 -0.561  -1
